+++++++++++++++++++++++++++++
instance 1
6 4
0  5 1  7 2  3 3  4
0  2 1  8 2  9 3 10
0  4 1  1 2  5 3  6
0  6 1  3 2  2 3  4
0 10 1 15 2 11 3 20
0 11 1 16 2 12 3  5
+++++++++++++++++++++++++++++
instance 2
5 4
0 12 1 24 2 12 3 13
0 20 1  3 2 19 3 11
0 19 1 20 2  3 3 15
0 14 1 23 2 16 3 14
0 19 1 15 2 17 3 22
+++++++++++++++++++++++++++++
instance 3
7 7
0 692 1 581 2 475 3  23 4 158 5 796 6 542
0 310 1 582 2 475 3 196 4 325 5 874 6 205
0 832 1  14 2 785 3 696 4 530 5 214 6 578
0 630 1 214 2 578 3 214 4 785 5 236 6 963
0 258 1 147 2 852 3 586 4 325 5 896 6 325
0 147 1 753 2   2 3 356 4 565 5 898 6 800
0 255 1 806 2 699 3 877 4 412 5 302 6 120
+++++++++++++++++++++++++++++
instance 4
8 8
0 456 1 789 2 654 3 321 4 456 5 789 6 654 7 789
0 654 1 123 2 123 3 456 4 789 5 654 6 321 7 147
0 852 1 369 2 632 3 581 4 472 5 586 6 320 7 120
0 145 1 678 2 965 3 421 4 365 5 824 6 758 7 639
0 632 1 581 2 475 3  32 4 536 5 325 6 863 7  21
0 425 1 396 2 325 3 147 4 852 5  12 6 452 7 863
0 214 1 123 2 456 3 789 4 654 5 321 6 456 7 789
0 654 1 789 2 654 3 123 4 123 5 456 6 789 7 654
+++++++++++++++++++++++++++++